genre,Astley,DnB,Fonsi,alt rock,alt. metal,casual conv.,cat edm,dance pop,deathcore,edm,edm2,electronica,hardstyle,in'tl pop,ind. hip hop,indie,indie2,indie3,indietronica,japanese,jazz fusion,k-pop,k-pop2,lofi,makers,meme,metal,metalcore,metalcore2,otacore,philippines,pop,pop punk,pop punk2,pop3,pop4,power metal,prog metal,rap,rap & ele.,rap2,retro elec.,rock,rock & pop,rock2,soundtrack,spotify,strut,trance,uk hip hop
Astley,1.0000000000000002,0.6938033810882708,0.8189585227948362,0.9535181138958247,0.9056347922930008,0.7533872006399666,0.8059227600787721,0.8150437669494363,0.6447784659000615,0.7970068176333549,0.9067784487630648,0.7528459586967275,0.5735463541476161,0.9143832303860437,0.5845901375740286,0.8827147046374433,0.8511983599194968,0.8937478778150971,0.8294190018582794,0.8079362031315469,0.9064442668380658,0.7610133955682307,0.5984236920859519,0.6758234529886792,0.7894522830197699,0.9625529545988433,0.7036167885595557,0.7847104179316362,0.5986164249126542,0.7961095615943502,0.7153659818885315,0.9277711940077609,0.7536277170714338,0.9120458553162313,0.9778259894655559,0.7531507393357728,0.7164122274435357,0.7346830232684833,0.8762763078535127,0.9631098002081145,0.7567840490680998,0.8363849704370717,0.964116022051461,0.9681808874016954,0.9583279271181938,0.9398506793384882,0.7468788470317242,0.7626718699525954,0.720768102553934,0.7256972833174198
DnB,0.6938033810882708,0.9999999999999998,0.5406944138053319,0.7026218164965086,0.6911714967046491,0.5259176862481513,0.8315397058651797,0.6681399282661522,0.5658242560198,0.8388958089343498,0.8722729768563194,0.9036014936937563,0.7022899261289599,0.7058901728367059,0.495430716886893,0.7210374399510415,0.6520598363542176,0.6909224350064433,0.8413860133692976,0.66264118162754,0.6918254917913194,0.5585993026343092,0.45139272084258,0.5778031251449395,0.7380855262062115,0.7021546639122511,0.5861536064208738,0.6318145535223061,0.5219937489770019,0.5965198027067095,0.4972593227317813,0.69202033624734,0.5474732265235713,0.6607207075313545,0.682083734247067,0.5580482617345771,0.5321862501877369,0.613982065893033,0.6975564297729785,0.7716304795953511,0.6342186535083743,0.7983573950944015,0.6760553243094809,0.6786607058650536,0.6833305451914878,0.6406910098443864,0.6805963422890524,0.49123887230780844,0.8597678283449186,0.7296208729319625
Fonsi,0.8189585227948362,0.5406944138053319,1.0000000000000004,0.7083854795975726,0.7015467361977266,0.6209798187314062,0.7077478966181411,0.6568318237914904,0.5555881284285095,0.656249408139474,0.7068471003547127,0.535257691118555,0.5278807241652792,0.7797616856363436,0.5696503959377566,0.6429589617768399,0.6343528597956808,0.6431399940924285,0.5931735321406466,0.6520522599664516,0.6774828653320033,0.654901487946471,0.5278488722111323,0.6469526252640676,0.5878130761992545,0.8574484968964051,0.54363047581404,0.6338754777166781,0.5159188740141719,0.7416011534338448,0.6117562849598652,0.7406433561510286,0.5759159174941411,0.6927986309321339,0.7855691813725351,0.6242034883094943,0.5771205135159496,0.5611594395973362,0.7046029021008122,0.7435757725625822,0.6049005987306265,0.6747676222277029,0.707803634453857,0.8132071007353923,0.7259186742603353,0.767216579972021,0.5881929108971836,0.6393637413841621,0.5534581586503116,0.6203511433865377
alt rock,0.9535181138958247,0.7026218164965086,0.7083854795975726,1.0000000000000007,0.9235023247196996,0.7586671300511039,0.7749052646480867,0.8743813940980625,0.6605387193825493,0.7949514647972893,0.913769444291441,0.8143034140002696,0.5037174565667509,0.8754471740343082,0.5949431695182613,0.9732044654927395,0.9504496100844669,0.9836863794300968,0.9094997487994193,0.8009917172755183,0.9599653489169402,0.7041197436013616,0.5436797294725957,0.7113793410574077,0.8773720525219586,0.8870398873261814,0.739265368071154,0.8149557080811637,0.6172753762021959,0.7180188939530262,0.6712198967747127,0.9495021528671861,0.8286734781026556,0.9624690163842138,0.961062711252923,0.7815594106888107,0.696515984393017,0.7824569871216183,0.900920772784866,0.980267361111979,0.7979510636678199,0.8598884753182137,0.9844047188915821,0.9109865423095301,0.9791511267724841,0.9140582858698305,0.8351905360982316,0.7240481421718088,0.7125527564842369,0.7426677644807206
alt. metal,0.9056347922930008,0.6911714967046491,0.7015467361977266,0.9235023247196996,0.9999999999999993,0.7126440284887143,0.7162203054158115,0.7774305212618272,0.8097243239192221,0.7166944734907151,0.8444943449783539,0.7339755494817581,0.5459785418006523,0.8515591118307014,0.5395988349135947,0.8980290672152313,0.8443833077056048,0.8806327076713153,0.8353295333143664,0.8092609428093104,0.9007660743968813,0.6931078706387135,0.5506691608525625,0.6473147714152083,0.8165638925549259,0.8752899990993939,0.9286109779258604,0.8717190301529709,0.7306354008662511,0.7309400243893169,0.6279263150663678,0.8613587299204921,0.7771894626047682,0.9083378483554425,0.8926059418544225,0.6890443057903859,0.8947817536380588,0.9202314041303822,0.8147585949836933,0.9044565349055635,0.7062899577876058,0.8422621982861378,0.9068172896464687,0.8749077272758002,0.9169021946546672,0.8545985384561317,0.7484104649715546,0.6732817351188384,0.6715793788596498,0.6749715133340242
casual conv.,0.7533872006399666,0.5259176862481513,0.6209798187314062,0.7586671300511039,0.7126440284887143,1.0,0.6553333551928818,0.7060491646848339,0.5073204749909588,0.6261694970039001,0.6948338454473842,0.5685352814279971,0.4026410259883939,0.7264151275895694,0.4790735506337772,0.7250981123829588,0.7197785575766701,0.7234867204614869,0.6646232220959686,0.6985785941564118,0.7175588388936949,0.6363074235639543,0.527085455042455,0.5287227828533533,0.6345828678787447,0.7379844617080153,0.5449778229365715,0.6284785703645367,0.49194588435700887,0.6600957893951923,0.6228339604320169,0.7710949847011651,0.6268379442194265,0.7251171053239133,0.7921993895298874,0.6770000294363439,0.5787686615655848,0.6125695442121799,0.6708867799053151,0.738802319296774,0.5741794764073859,0.6635577558319846,0.7501931926259272,0.7216135600901321,0.7583714986458019,0.7122660149648287,0.6397793543558175,0.6138377768441855,0.5435597880457215,0.5216713097839784
cat edm,0.8059227600787721,0.8315397058651797,0.7077478966181411,0.7749052646480867,0.7162203054158115,0.6553333551928818,1.0000000000000004,0.7702982275310356,0.5718726966414586,0.9392797314312328,0.9261576818706441,0.81492535150942,0.7321307165396554,0.77449465335979,0.5757669993686225,0.7468753458372603,0.7240797911977965,0.7464066140307993,0.8091033431659024,0.703419538457873,0.7321850309585547,0.701430560534423,0.5844505967754353,0.6583172737746688,0.754919601707048,0.8361413865414709,0.5325383746109249,0.685953970940082,0.5593386142748084,0.7355536612091498,0.6458235415964525,0.8100867852188888,0.6483666285512595,0.7516733763058573,0.8107270707316164,0.7042355292679574,0.544295608989919,0.6040166586160443,0.7802292692676684,0.832963656360431,0.6990385235620153,0.7695508715486834,0.7594321369510569,0.7989638278417732,0.7558634243273031,0.7477957745524424,0.7130077664988433,0.6025260875860136,0.851866446270394,0.7140785132830325
dance pop,0.8150437669494363,0.6681399282661522,0.6568318237914904,0.8743813940980625,0.7774305212618272,0.7060491646848339,0.7702982275310356,1.0,0.577829143085797,0.7978718309719142,0.848131821360491,0.8015867421046727,0.4801423089546447,0.8287902280546463,0.6492039653206327,0.9022851348603395,0.9359304872059324,0.8951780654985177,0.8880731091029396,0.7529235740642435,0.8414666161232778,0.721121283140134,0.6030402879213449,0.685972754852863,0.8085239794591176,0.7953860954200727,0.6211078499671464,0.7283441974550448,0.566977583991201,0.6791828168686932,0.6560995964246011,0.9560486561705013,0.7809319577722185,0.8572364402062812,0.8864392756892193,0.936874820755846,0.5744769316443755,0.6594688273785893,0.8929708356781246,0.8844015244294893,0.8343903791119561,0.7945418111740257,0.8117107538295492,0.8419204213168563,0.8634223458986685,0.8144367667123451,0.7945123046462562,0.7644060398248801,0.6796068064613104,0.7749402131272037
deathcore,0.6447784659000615,0.5658242560198,0.5555881284285095,0.6605387193825493,0.8097243239192221,0.5073204749909588,0.5718726966414586,0.577829143085797,1.0000000000000004,0.5859368681949064,0.6470856941992827,0.5279847000362851,0.5377733788129212,0.5955080601663064,0.5217628075230648,0.6413817215335026,0.5904408227878496,0.621150953392247,0.6017189191629342,0.6193531412745462,0.6241927409914079,0.5479329302589927,0.4592232205377956,0.5393789272173642,0.6299392095708425,0.6512839202843957,0.8269892104894618,0.9423973091794455,0.9609910768611806,0.5643628178348564,0.413131403516192,0.6281174470816716,0.7402952161620261,0.7530544219082752,0.6395087730559542,0.5280791588228632,0.7368091106988933,0.8458686395590592,0.6282516302026862,0.6590443880221377,0.5695999416301192,0.630088287158667,0.6325509278626945,0.6473565430446258,0.6315078386046019,0.596156209220162,0.5816460027124262,0.45859810534595563,0.5378060367933539,0.5475900908531057
edm,0.7970068176333549,0.8388958089343498,0.656249408139474,0.7949514647972893,0.7166944734907151,0.6261694970039001,0.9392797314312328,0.7978718309719142,0.5859368681949064,0.9999999999999998,0.9565752317657382,0.8786929605817997,0.762218815298306,0.7590137272713846,0.5956354801517425,0.7746049714065386,0.748041136230549,0.7824135510072205,0.8437008558097675,0.6912231420404686,0.7550700032019587,0.6954829010548573,0.5810597145095152,0.6505578926468205,0.7756119618078294,0.7897901155262109,0.5394179232413089,0.7022245184806514,0.5742873119402297,0.665653144316812,0.6337866877698339,0.8397997355209251,0.6697478981350309,0.7728791189526831,0.8167567714226805,0.7487615042998906,0.5237399738057444,0.5974738902810307,0.82071166236875,0.8585822018858221,0.7529051213772642,0.7821749427607637,0.7768175340771131,0.7969357708445272,0.7668483063030257,0.7592379965936465,0.7621488857633073,0.6241053972608468,0.9293812414382028,0.7437272887625993
edm2,0.9067784487630648,0.8722729768563194,0.7068471003547127,0.913769444291441,0.8444943449783539,0.6948338454473842,0.9261576818706441,0.848131821360491,0.6470856941992827,0.9565752317657382,1.0000000000000002,0.9245253761983285,0.7141827130375121,0.8546987227413455,0.620362379705522,0.8927657551983226,0.8501433483914496,0.8929895352460441,0.9331176928322735,0.779166169003405,0.8778056700257273,0.7295706969703685,0.5881172344839588,0.716342528402194,0.8694554402228246,0.8843494685470331,0.6591441458486241,0.7753280334703762,0.6100812865582845,0.7367168279465961,0.67157662665392,0.9093153015853817,0.7439232360060624,0.8748958357362001,0.9100325357711007,0.7618238168945337,0.6297224363841759,0.7132848320554664,0.8896635056654916,0.9581136989100978,0.8030063926388802,0.8821699093830048,0.8978381572517131,0.8842169302485455,0.8891831524992484,0.8556971537161253,0.8153436568883037,0.6823299356837534,0.8992850496771585,0.792072893217377
electronica,0.7528459586967275,0.9036014936937563,0.535257691118555,0.8143034140002696,0.7339755494817581,0.5685352814279971,0.81492535150942,0.8015867421046727,0.5279847000362851,0.8786929605817997,0.9245253761983285,0.9999999999999997,0.6558516066942951,0.7707292396696098,0.5444457767580935,0.8587922332187339,0.8091399047074068,0.8332837059637722,0.9567540898823953,0.6922546315261234,0.8153206390958831,0.5894480935527899,0.4681036877994046,0.6715964778327814,0.85823645878394,0.7209709573317611,0.5923444928237838,0.6398755043734278,0.47712683785499993,0.5839477259939753,0.560990137460593,0.8030631062716477,0.6403857863944717,0.7557079221995188,0.7659533364021821,0.672203368338759,0.5105005059153631,0.6367642170703594,0.7970270326857374,0.8635661871760226,0.7320577880776521,0.8628978544764927,0.7679804003744025,0.7423470120300648,0.7903744364735577,0.7257965957132329,0.7715472432007083,0.5754167658269305,0.8841460701984861,0.7631038424303527
hardstyle,0.5735463541476161,0.7022899261289599,0.5278807241652792,0.5037174565667509,0.5459785418006523,0.4026410259883939,0.7321307165396554,0.4801423089546447,0.5377733788129212,0.762218815298306,0.7141827130375121,0.6558516066942951,0.9999999999999997,0.5973064349043262,0.41754576927243864,0.4714842448631504,0.40407672737648614,0.4517909704852202,0.5748195439000156,0.5137088417666537,0.46565476156458063,0.5418279884389747,0.4735865114407554,0.46341488095758643,0.5238892974907272,0.6079866318472597,0.4712095339416208,0.5462454064078794,0.5094661907022114,0.5271252293787483,0.4184730590168932,0.5429075830834285,0.4168634522239863,0.50476647557629,0.565663280831222,0.45975015275366776,0.49784951903558783,0.45977109603355826,0.5169167706692437,0.5823712231096059,0.448773124171594,0.5948745690108476,0.5139844947532086,0.5739610815020237,0.5021262701320472,0.4991818033105966,0.4705009324497663,0.42458344989322633,0.7635914056834664,0.5286692314234637
in'tl pop,0.9143832303860437,0.7058901728367059,0.7797616856363436,0.8754471740343082,0.8515591118307014,0.7264151275895694,0.77449465335979,0.8287902280546463,0.5955080601663064,0.7590137272713846,0.8546987227413455,0.7707292396696098,0.5973064349043262,0.9999999999999999,0.5703211275185889,0.8457446308594722,0.8257321715009572,0.8343764851861364,0.8237764711072254,0.7941036904839031,0.8461266853274984,0.7393677054028625,0.59775782733697,0.6597159681896231,0.7577799980279293,0.9045112124055567,0.6902694966799474,0.7129767251064175,0.5504055513917268,0.7624220760208826,0.7089217229125813,0.8923322013801267,0.675584810825501,0.8234776001754848,0.9116536632810026,0.7643615457121491,0.6989842268926958,0.6956684896322568,0.8349180870495654,0.8976784809459444,0.731250901299128,0.8279414537806894,0.8598408119042394,0.9036127596815217,0.8882131066861909,0.8753342710591314,0.7534025159183787,0.7491920700651129,0.6912022159741034,0.7333929113076932
ind. hip hop,0.5845901375740286,0.495430716886893,0.5696503959377566,0.5949431695182613,0.5395988349135947,0.4790735506337772,0.5757669993686225,0.6492039653206327,0.5217628075230648,0.5956354801517425,0.620362379705522,0.5444457767580935,0.41754576927243864,0.5703211275185889,0.9999999999999999,0.5956028512602304,0.6062138890520323,0.5906816118327411,0.587569781949526,0.5317114550685478,0.5683951217779791,0.4965808800279158,0.405063766110623,0.6500681759296284,0.5931699363379341,0.5859870471414876,0.4539666602974981,0.5914385461038513,0.489854946453801,0.5046334287732348,0.4175938086298366,0.6462166552145447,0.6277464172282136,0.6394090700179064,0.6082905057060637,0.5921985593343573,0.35350485067962223,0.42469500972465746,0.7578987677888185,0.6523572517955966,0.7828793613419315,0.5467739074756676,0.5544748007711423,0.6306836081675322,0.5686598026485994,0.5234965445260787,0.5342596622526437,0.5133753898963248,0.4647028444939738,0.73420927562973
indie,0.8827147046374433,0.7210374399510415,0.6429589617768399,0.9732044654927395,0.8980290672152313,0.7250981123829588,0.7468753458372603,0.9022851348603395,0.6413817215335026,0.7746049714065386,0.8927657551983226,0.8587922332187339,0.4714842448631504,0.8457446308594722,0.5956028512602304,0.9999999999999999,0.9776807057896255,0.987794570559199,0.955940100847573,0.7932467848813618,0.959394706989212,0.6583411887857261,0.5115661854089493,0.7312553822438499,0.9134307264598609,0.8258341689205928,0.7474557679004556,0.7850763249419987,0.5906160645161752,0.6759356265380901,0.6361621014444608,0.9262293220604371,0.8234840311707973,0.9351322558982514,0.9055518549479096,0.7747695309058477,0.6718334177203508,0.7879100703709692,0.8868265364557429,0.9532306510687389,0.799789441636234,0.8817773364836776,0.9261143086240516,0.8548457927946038,0.951915176104193,0.8593964404667187,0.850642236672519,0.6852618909373076,0.6978822982143885,0.7484975706147153
indie2,0.8511983599194968,0.6520598363542176,0.6343528597956808,0.9504496100844669,0.8443833077056048,0.7197785575766701,0.7240797911977965,0.9359304872059324,0.5904408227878496,0.748041136230549,0.8501433483914496,0.8091399047074068,0.40407672737648614,0.8257321715009572,0.6062138890520323,0.9776807057896255,0.9999999999999999,0.9794346815355532,0.916153274341229,0.7483218637952895,0.9205847623664621,0.6368619745765666,0.492365534108554,0.6928476337974863,0.8648617889570065,0.7973094334778827,0.6817784872710723,0.7529388535054032,0.5589804387131749,0.6495165821992677,0.6278095672907736,0.930306615000959,0.8327356556919889,0.921439376673198,0.8902118626488349,0.8134061779754275,0.6109151916722599,0.7280782220956402,0.8835246659736243,0.9215213666917732,0.8065072016945217,0.8248670053660462,0.8924466219415735,0.8389456581820193,0.9188281115851079,0.8475288653835149,0.8333235153223152,0.6888879703482763,0.6473034300023858,0.7316814849012802
indie3,0.8937478778150971,0.6909224350064433,0.6431399940924285,0.9836863794300968,0.8806327076713153,0.7234867204614869,0.7464066140307993,0.8951780654985177,0.621150953392247,0.7824135510072205,0.8929895352460441,0.8332837059637722,0.4517909704852202,0.8343764851861364,0.5906816118327411,0.987794570559199,0.9794346815355532,0.9999999999999997,0.9282723839111919,0.7656389317964234,0.9497981825506631,0.6566070529785833,0.503954416105115,0.720122679580168,0.8964517299244511,0.8230674107917855,0.7029792484604892,0.783029491137832,0.5839779299981542,0.6582081415975413,0.6365217197284783,0.9349393320966708,0.8306928631084514,0.944674397896839,0.9162829298827908,0.7850760170981191,0.6355934847040687,0.7539399520531564,0.893766689450986,0.9579476259884973,0.8070778130903294,0.8503380774107769,0.9487943518616023,0.8528338758512666,0.9473520700519796,0.8713464951451398,0.85948346517492,0.6835835739287992,0.6929307462067598,0.7406463249744439
indietronica,0.8294190018582794,0.8413860133692976,0.5931735321406466,0.9094997487994193,0.8353295333143664,0.6646232220959686,0.8091033431659024,0.8880731091029396,0.6017189191629342,0.8437008558097675,0.9331176928322735,0.9567540898823953,0.5748195439000156,0.8237764711072254,0.587569781949526,0.955940100847573,0.916153274341229,0.9282723839111919,0.9999999999999997,0.7685274300588937,0.9083864628787082,0.6448111444946372,0.5112188460014178,0.735933984894295,0.9209527865792219,0.7944429923864044,0.6903012687395496,0.7283278320494835,0.547650703905377,0.6538893428456574,0.6122501762052411,0.8869920921451792,0.7440947395773764,0.8573357699336813,0.8531312689996867,0.7499269560434214,0.6117095159225967,0.7412939035436843,0.8647916766800997,0.9302497221504057,0.7910364365245328,0.9135853821400903,0.8560902426342211,0.8124741380573622,0.8881307060547879,0.8038462441271174,0.8299432735575586,0.6478606947929898,0.8014846726135302,0.7765803917649411
japanese,0.8079362031315469,0.66264118162754,0.6520522599664516,0.8009917172755183,0.8092609428093104,0.6985785941564118,0.703419538457873,0.7529235740642435,0.6193531412745462,0.6912231420404686,0.779166169003405,0.6922546315261234,0.5137088417666537,0.7941036904839031,0.5317114550685478,0.7932467848813618,0.7483218637952895,0.7656389317964234,0.7685274300588937,0.9999999999999996,0.786935745408491,0.8414293833334964,0.7635128608988032,0.6552934361693846,0.7338482264308106,0.8269997700013653,0.6868216395482225,0.7269746311981982,0.5812207814957804,0.8672833255838744,0.7194540323262046,0.8192438699989543,0.6933301012940309,0.7887032968316192,0.8306838574283222,0.7155688698366772,0.7095349796547238,0.7174416247624025,0.7435286363872062,0.8080907167086026,0.6454498172695795,0.792358379038309,0.7817943950961468,0.8029386393677433,0.8085464350900894,0.7745955289415187,0.6880839965693217,0.6921848529751015,0.6497930617711574,0.6410296545077078
jazz fusion,0.9064442668380658,0.6918254917913194,0.6774828653320033,0.9599653489169402,0.9007660743968813,0.7175588388936949,0.7321850309585547,0.8414666161232778,0.6241927409914079,0.7550700032019587,0.8778056700257273,0.8153206390958831,0.46565476156458063,0.8461266853274984,0.5683951217779791,0.959394706989212,0.9205847623664621,0.9497981825506631,0.9083864628787082,0.786935745408491,0.9999999999999998,0.6624577606264932,0.5105269391461621,0.7197603989343077,0.8909572042410093,0.8464368799938234,0.7387646844805041,0.7538920246231371,0.5563057112125666,0.6957626347683621,0.6483168792655167,0.9007845754075353,0.7682949143523824,0.9075718885228357,0.9081262560992033,0.7271050803997491,0.6797913111271986,0.7889722227925726,0.876977966538366,0.9470750356883427,0.78350322864545,0.8469208114754105,0.9297446405674628,0.8805951902942079,0.956278424638427,0.8681200045416745,0.8178567183885939,0.6727058184639486,0.6900072838960984,0.7304205185058862
k-pop,0.7610133955682307,0.5585993026343092,0.654901487946471,0.7041197436013616,0.6931078706387135,0.6363074235639543,0.701430560534423,0.721121283140134,0.5479329302589927,0.6954829010548573,0.7295706969703685,0.5894480935527899,0.5418279884389747,0.7393677054028625,0.4965808800279158,0.6583411887857261,0.6368619745765666,0.6566070529785833,0.6448111444946372,0.8414293833334964,0.6624577606264932,0.9999999999999999,0.973578265223869,0.5885286366717501,0.6017505013384524,0.7810252741534985,0.5495162391555443,0.6574289998776103,0.544603411611428,0.7791171446701767,0.7199099838609198,0.7911319383883861,0.6042580704451866,0.6966137481805785,0.7946729632748385,0.754050535363995,0.6077754813032306,0.5749035092571729,0.7120989591197785,0.7369285764613253,0.6266646849270184,0.661152791650922,0.7062596756772352,0.7707416155018091,0.711898014329536,0.7305423248960907,0.594138993493961,0.7058142852844541,0.626894733032614,0.6044430483306032
k-pop2,0.5984236920859519,0.45139272084258,0.5278488722111323,0.5436797294725957,0.5506691608525625,0.527085455042455,0.5844505967754353,0.6030402879213449,0.4592232205377956,0.5810597145095152,0.5881172344839588,0.4681036877994046,0.4735865114407554,0.59775782733697,0.405063766110623,0.5115661854089493,0.492365534108554,0.503954416105115,0.5112188460014178,0.7635128608988032,0.5105269391461621,0.973578265223869,0.9999999999999999,0.4878952252187704,0.46910312197373333,0.6350315552035102,0.4450571781816467,0.5443259990483443,0.4699976640819711,0.685689911342467,0.6325114886272717,0.6540631648642536,0.48363788948456127,0.547094863311815,0.6442462749086766,0.6611718929083593,0.5132711092376184,0.4648052673073918,0.5726704972754697,0.5792465658582812,0.5053692995333446,0.5341431923797318,0.5431822852661589,0.6215211695731513,0.5549348669520995,0.5808160730245785,0.48036070728944535,0.6050812546305091,0.5269110994014746,0.4877097260057446
lofi,0.6758234529886792,0.5778031251449395,0.6469526252640676,0.7113793410574077,0.6473147714152083,0.5287227828533533,0.6583172737746688,0.685972754852863,0.5393789272173642,0.6505578926468205,0.716342528402194,0.6715964778327814,0.46341488095758643,0.6597159681896231,0.6500681759296284,0.7312553822438499,0.6928476337974863,0.720122679580168,0.735933984894295,0.6552934361693846,0.7197603989343077,0.5885286366717501,0.4878952252187704,1.0000000000000004,0.7956371460622144,0.6873043334067387,0.503294810735851,0.620369896155983,0.4942250876189311,0.6211143734249913,0.5572243281146189,0.709768224368018,0.640313925452312,0.699720898211772,0.6893738104711522,0.6075880629575043,0.4612938536055482,0.5659342349096992,0.7374283519670336,0.743592376129706,0.6974009279338172,0.7369484558106832,0.6813348770688638,0.6515168101454165,0.6835414369584595,0.6515610520371403,0.7128441858116545,0.49937138843008383,0.5374307967120123,0.7050905460692574
makers,0.7894522830197699,0.7380855262062115,0.5878130761992545,0.8773720525219586,0.8165638925549259,0.6345828678787447,0.754919601707048,0.8085239794591176,0.6299392095708425,0.7756119618078294,0.8694554402228246,0.85823645878394,0.5238892974907272,0.7577799980279293,0.5931699363379341,0.9134307264598609,0.8648617889570065,0.8964517299244511,0.9209527865792219,0.7338482264308106,0.8909572042410093,0.6017505013384524,0.46910312197373333,0.7956371460622144,1.0,0.749247584090467,0.67525222778687,0.7335535461877231,0.5653872199139071,0.6112579517406019,0.5940125177653279,0.8343025275704173,0.7496624218794321,0.8466695739991835,0.8108632420028643,0.6968469167422311,0.6014887540571148,0.7450497095231801,0.8134816378513114,0.879652167551608,0.7387561427362304,0.8577707849661285,0.8344843011339825,0.7573949881186891,0.8474226656529171,0.7491365486822347,0.8199097396303708,0.5787551247960541,0.7055219382587528,0.7141257032357637
meme,0.9625529545988433,0.7021546639122511,0.8574484968964051,0.8870398873261814,0.8752899990993939,0.7379844617080153,0.8361413865414709,0.7953860954200727,0.6512839202843957,0.7897901155262109,0.8843494685470331,0.7209709573317611,0.6079866318472597,0.9045112124055567,0.5859870471414876,0.8258341689205928,0.7973094334778827,0.8230674107917855,0.7944429923864044,0.8269997700013653,0.8464368799938234,0.7810252741534985,0.6350315552035102,0.6873043334067387,0.749247584090467,0.9999999999999991,0.6894265827752984,0.7678871731164879,0.6048937718357986,0.8823224448623405,0.7209056191568083,0.8884357351467237,0.7138683951660779,0.8554607508887875,0.9367881096004157,0.7334953422307331,0.7387614536774473,0.7246522408035455,0.8407368988605156,0.9162088066560425,0.7264319483973988,0.8457937015663323,0.8853626411840761,0.9472005994748266,0.8938244071256949,0.9135703805617899,0.6993921450007557,0.7464322399131539,0.7082941792845803,0.7136218668744982
metal,0.7036167885595557,0.5861536064208738,0.54363047581404,0.739265368071154,0.9286109779258604,0.5449778229365715,0.5325383746109249,0.6211078499671464,0.8269892104894618,0.5394179232413089,0.6591441458486241,0.5923444928237838,0.4712095339416208,0.6902694966799474,0.4539666602974981,0.7474557679004556,0.6817784872710723,0.7029792484604892,0.6903012687395496,0.6868216395482225,0.7387646844805041,0.5495162391555443,0.4450571781816467,0.503294810735851,0.67525222778687,0.6894265827752984,0.9999999999999997,0.8024065230442231,0.7235578489822481,0.5825414547289506,0.473851035506805,0.6721777805542873,0.6573206375069532,0.7522518122959819,0.6903582950430711,0.530187882291117,0.925271828820256,0.9068310149596105,0.6499406512456994,0.7153046160392327,0.5699105148194606,0.7112029671862442,0.7066818093696572,0.6939656911002978,0.7389192426105733,0.6580724663221752,0.6004679445193363,0.5266666293305663,0.5263754709753344,0.5506548629955874
metalcore,0.7847104179316362,0.6318145535223061,0.6338754777166781,0.8149557080811637,0.8717190301529709,0.6284785703645367,0.685953970940082,0.7283441974550448,0.9423973091794455,0.7022245184806514,0.7753280334703762,0.6398755043734278,0.5462454064078794,0.7129767251064175,0.5914385461038513,0.7850763249419987,0.7529388535054032,0.783029491137832,0.7283278320494835,0.7269746311981982,0.7538920246231371,0.6574289998776103,0.5443259990483443,0.620369896155983,0.7335535461877231,0.7678871731164879,0.8024065230442231,0.9999999999999998,0.9505287792095637,0.6597172567792504,0.5388076503456216,0.788625112412301,0.8826012665279531,0.9012556105871861,0.7963035109472499,0.6758961299448527,0.7272903576146605,0.8356936271865892,0.7664237345792764,0.8035208728828214,0.6919264696536758,0.7209121967372734,0.7887420899539486,0.7791414095457351,0.7784619976481487,0.7452404961934981,0.7027960614218903,0.5927587704810455,0.6285464816166593,0.6556872638088584
metalcore2,0.5986164249126542,0.5219937489770019,0.5159188740141719,0.6172753762021959,0.7306354008662511,0.49194588435700887,0.5593386142748084,0.566977583991201,0.9609910768611806,0.5742873119402297,0.6100812865582845,0.47712683785499993,0.5094661907022114,0.5504055513917268,0.489854946453801,0.5906160645161752,0.5589804387131749,0.5839779299981542,0.547650703905377,0.5812207814957804,0.5563057112125666,0.544603411611428,0.4699976640819711,0.4942250876189311,0.5653872199139071,0.6048937718357986,0.7235578489822481,0.9505287792095637,1.0,0.5274994875677345,0.40045011024628085,0.6074667033566997,0.7610480180781846,0.7382273664463337,0.6098053833598183,0.5379215244813591,0.6455655184475759,0.7500137936500669,0.5951107823767724,0.6118320540599456,0.5419128820165712,0.56171339292166,0.5903431345028225,0.6083573631594861,0.5802222332486517,0.5692071812893911,0.5602615082053767,0.44678554383291474,0.5106968357670529,0.5228038903822326
otacore,0.7961095615943502,0.5965198027067095,0.7416011534338448,0.7180188939530262,0.7309400243893169,0.6600957893951923,0.7355536612091498,0.6791828168686932,0.5643628178348564,0.665653144316812,0.7367168279465961,0.5839477259939753,0.5271252293787483,0.7624220760208826,0.5046334287732348,0.6759356265380901,0.6495165821992677,0.6582081415975413,0.6538893428456574,0.8672833255838744,0.6957626347683621,0.7791171446701767,0.685689911342467,0.6211143734249913,0.6112579517406019,0.8823224448623405,0.5825414547289506,0.6597172567792504,0.5274994875677345,1.0,0.7055746180744654,0.7505495843774571,0.6069931158438305,0.7045282313936727,0.79137470939397,0.6474977042537934,0.6566297123096041,0.6185180629688763,0.692013873512924,0.7467095332989014,0.593908789575922,0.707870811271107,0.7093919638295915,0.7952845766882674,0.729794866359803,0.7501807468810934,0.5372645672328236,0.6409681145428219,0.5972393992847129,0.5849062367967033
philippines,0.7153659818885315,0.4972593227317813,0.6117562849598652,0.6712198967747127,0.6279263150663678,0.6228339604320169,0.6458235415964525,0.6560995964246011,0.413131403516192,0.6337866877698339,0.67157662665392,0.560990137460593,0.4184730590168932,0.7089217229125813,0.4175938086298366,0.6361621014444608,0.6278095672907736,0.6365217197284783,0.6122501762052411,0.7194540323262046,0.6483168792655167,0.7199099838609198,0.6325114886272717,0.5572243281146189,0.5940125177653279,0.7209056191568083,0.473851035506805,0.5388076503456216,0.40045011024628085,0.7055746180744654,1.0000000000000004,0.7196183707374835,0.5465323749800456,0.6376338823092977,0.7339867909699271,0.6492568336076613,0.52556805019353,0.47566527663978786,0.649633570397883,0.6912013113972657,0.5593157354767881,0.624322694982227,0.6702021736555231,0.709859321989079,0.6785949696739987,0.710255212086412,0.5674517272877592,0.608294942125821,0.5669040366439367,0.5283053337191171
pop,0.9277711940077609,0.69202033624734,0.7406433561510286,0.9495021528671861,0.8613587299204921,0.7710949847011651,0.8100867852188888,0.9560486561705013,0.6281174470816716,0.8397997355209251,0.9093153015853817,0.8030631062716477,0.5429075830834285,0.8923322013801267,0.6462166552145447,0.9262293220604371,0.930306615000959,0.9349393320966708,0.8869920921451792,0.8192438699989543,0.9007845754075353,0.7911319383883861,0.6540631648642536,0.709768224368018,0.8343025275704173,0.8884357351467237,0.6721777805542873,0.788625112412301,0.6074667033566997,0.7505495843774571,0.7196183707374835,0.9999999999999999,0.8083334076161462,0.9235339926327876,0.9764993226517166,0.9290022294489253,0.6565050913323078,0.7117749961039097,0.9232131436703519,0.9552989985259052,0.8348098580941038,0.8341385978085784,0.9260658387829735,0.9237081972629213,0.9448311909815311,0.9077589762227593,0.826005323462672,0.815030594982156,0.7333020244709233,0.7841422564880266
pop punk,0.7536277170714338,0.5474732265235713,0.5759159174941411,0.8286734781026556,0.7771894626047682,0.6268379442194265,0.6483666285512595,0.7809319577722185,0.7402952161620261,0.6697478981350309,0.7439232360060624,0.6403857863944717,0.4168634522239863,0.675584810825501,0.6277464172282136,0.8234840311707973,0.8327356556919889,0.8306928631084514,0.7440947395773764,0.6933301012940309,0.7682949143523824,0.6042580704451866,0.48363788948456127,0.640313925452312,0.7496624218794321,0.7138683951660779,0.6573206375069532,0.8826012665279531,0.7610480180781846,0.6069931158438305,0.5465323749800456,0.8083334076161462,1.0000000000000004,0.9422085874820836,0.7937611983542369,0.7077905331090482,0.5846315611166538,0.6888105063850435,0.775295391744791,0.7961661510044075,0.7080651262026154,0.6884655360421809,0.7847522966775576,0.757656247277348,0.7850367480801421,0.7296112420040738,0.7219790417964528,0.6109172702743062,0.5643016349144564,0.6538680085191404
pop punk2,0.9120458553162313,0.6607207075313545,0.6927986309321339,0.9624690163842138,0.9083378483554425,0.7251171053239133,0.7516733763058573,0.8572364402062812,0.7530544219082752,0.7728791189526831,0.8748958357362001,0.7557079221995188,0.50476647557629,0.8234776001754848,0.6394090700179064,0.9351322558982514,0.921439376673198,0.944674397896839,0.8573357699336813,0.7887032968316192,0.9075718885228357,0.6966137481805785,0.547094863311815,0.699720898211772,0.8466695739991835,0.8554607508887875,0.7522518122959819,0.9012556105871861,0.7382273664463337,0.7045282313936727,0.6376338823092977,0.9235339926327876,0.9422085874820836,1.0000000000000002,0.9304135896782304,0.7774754807142105,0.6960736816980493,0.7819596694025561,0.880186393068854,0.9370108477822324,0.7865397825582479,0.8143059410538042,0.9386017227514812,0.8906053194474596,0.9350523735808051,0.8726393452608836,0.8071891894336273,0.708691916701497,0.6773211577361882,0.7322868747413526
pop3,0.9778259894655559,0.682083734247067,0.7855691813725351,0.961062711252923,0.8926059418544225,0.7921993895298874,0.8107270707316164,0.8864392756892193,0.6395087730559542,0.8167567714226805,0.9100325357711007,0.7659533364021821,0.565663280831222,0.9116536632810026,0.6082905057060637,0.9055518549479096,0.8902118626488349,0.9162829298827908,0.8531312689996867,0.8306838574283222,0.9081262560992033,0.7946729632748385,0.6442462749086766,0.6893738104711522,0.8108632420028643,0.9367881096004157,0.6903582950430711,0.7963035109472499,0.6098053833598183,0.79137470939397,0.7339867909699271,0.9764993226517166,0.7937611983542369,0.9304135896782304,1.0000000000000002,0.8538753908126707,0.702505470148599,0.7263473256656521,0.8926900580920442,0.9625348276454196,0.7799645568538853,0.8306840754779322,0.9623332835100227,0.9552318724477493,0.9654978891843797,0.9326551937027002,0.7841374303666184,0.8224130963227813,0.7256082816163874,0.7396445745598458
pop4,0.7531507393357728,0.5580482617345771,0.6242034883094943,0.7815594106888107,0.6890443057903859,0.6770000294363439,0.7042355292679574,0.936874820755846,0.5280791588228632,0.7487615042998906,0.7618238168945337,0.672203368338759,0.45975015275366776,0.7643615457121491,0.5921985593343573,0.7747695309058477,0.8134061779754275,0.7850760170981191,0.7499269560434214,0.7155688698366772,0.7271050803997491,0.754050535363995,0.6611718929083593,0.6075880629575043,0.6968469167422311,0.7334953422307331,0.530187882291117,0.6758961299448527,0.5379215244813591,0.6474977042537934,0.6492568336076613,0.9290022294489253,0.7077905331090482,0.7774754807142105,0.8538753908126707,1.0000000000000004,0.5295035087396477,0.5628639026822325,0.8121046700517337,0.7916874771050055,0.7528166285875909,0.6781445320291982,0.7472539824648394,0.778780673593965,0.7846931309868389,0.7638448258320081,0.7274516901013282,0.7917085034239606,0.6241581026552165,0.7042276017715033
power metal,0.7164122274435357,0.5321862501877369,0.5771205135159496,0.696515984393017,0.8947817536380588,0.5787686615655848,0.544295608989919,0.5744769316443755,0.7368091106988933,0.5237399738057444,0.6297224363841759,0.5105005059153631,0.49784951903558783,0.6989842268926958,0.35350485067962223,0.6718334177203508,0.6109151916722599,0.6355934847040687,0.6117095159225967,0.7095349796547238,0.6797913111271986,0.6077754813032306,0.5132711092376184,0.4612938536055482,0.6014887540571148,0.7387614536774473,0.925271828820256,0.7272903576146605,0.6455655184475759,0.6566297123096041,0.52556805019353,0.6565050913323078,0.5846315611166538,0.6960736816980493,0.702505470148599,0.5295035087396477,1.0000000000000007,0.8547725730391831,0.5717422116301817,0.6712374074729931,0.4600231440434358,0.6865112561874938,0.6881409541401198,0.703402746138267,0.7167850646856333,0.6772858529884828,0.5391166340339327,0.5641339598321291,0.5162861665885187,0.46177445461984173
prog metal,0.7346830232684833,0.613982065893033,0.5611594395973362,0.7824569871216183,0.9202314041303822,0.6125695442121799,0.6040166586160443,0.6594688273785893,0.8458686395590592,0.5974738902810307,0.7132848320554664,0.6367642170703594,0.45977109603355826,0.6956684896322568,0.42469500972465746,0.7879100703709692,0.7280782220956402,0.7539399520531564,0.7412939035436843,0.7174416247624025,0.7889722227925726,0.5749035092571729,0.4648052673073918,0.5659342349096992,0.7450497095231801,0.7246522408035455,0.9068310149596105,0.8356936271865892,0.7500137936500669,0.6185180629688763,0.47566527663978786,0.7117749961039097,0.6888105063850435,0.7819596694025561,0.7263473256656521,0.5628639026822325,0.8547725730391831,1.0000000000000007,0.6726798388194246,0.7558221504501808,0.5809004389772384,0.7442890922690982,0.7447078104366198,0.7183417449557125,0.7688241901088331,0.705205798587526,0.6593144111716982,0.5059734836850245,0.5915920786755258,0.5393528754410428
rap,0.8762763078535127,0.6975564297729785,0.7046029021008122,0.900920772784866,0.8147585949836933,0.6708867799053151,0.7802292692676684,0.8929708356781246,0.6282516302026862,0.82071166236875,0.8896635056654916,0.7970270326857374,0.5169167706692437,0.8349180870495654,0.7578987677888185,0.8868265364557429,0.8835246659736243,0.893766689450986,0.8647916766800997,0.7435286363872062,0.876977966538366,0.7120989591197785,0.5726704972754697,0.7374283519670336,0.8134816378513114,0.8407368988605156,0.6499406512456994,0.7664237345792764,0.5951107823767724,0.692013873512924,0.649633570397883,0.9232131436703519,0.775295391744791,0.880186393068854,0.8926900580920442,0.8121046700517337,0.5717422116301817,0.6726798388194246,1.0000000000000007,0.9464195801503363,0.975767690500041,0.7880532628445364,0.8647118884929674,0.8927820615779077,0.8749933756585718,0.845261078959549,0.7883562039531222,0.681808076128159,0.6939369676814097,0.898110797505988
rap & ele.,0.9631098002081145,0.7716304795953511,0.7435757725625822,0.980267361111979,0.9044565349055635,0.738802319296774,0.832963656360431,0.8844015244294893,0.6590443880221377,0.8585822018858221,0.9581136989100978,0.8635661871760226,0.5823712231096059,0.8976784809459444,0.6523572517955966,0.9532306510687389,0.9215213666917732,0.9579476259884973,0.9302497221504057,0.8080907167086026,0.9470750356883427,0.7369285764613253,0.5792465658582812,0.743592376129706,0.879652167551608,0.9162088066560425,0.7153046160392327,0.8035208728828214,0.6118320540599456,0.7467095332989014,0.6912013113972657,0.9552989985259052,0.7961661510044075,0.9370108477822324,0.9625348276454196,0.7916874771050055,0.6712374074729931,0.7558221504501808,0.9464195801503363,1.0000000000000007,0.8602576172430837,0.8875493905848385,0.9639384369222596,0.9365041327778583,0.9626686374128419,0.9192193136301049,0.8316688751541966,0.7298166378433554,0.7758962059927257,0.8153581452082289
rap2,0.7567840490680998,0.6342186535083743,0.6049005987306265,0.7979510636678199,0.7062899577876058,0.5741794764073859,0.6990385235620153,0.8343903791119561,0.5695999416301192,0.7529051213772642,0.8030063926388802,0.7320577880776521,0.448773124171594,0.731250901299128,0.7828793613419315,0.799789441636234,0.8065072016945217,0.8070778130903294,0.7910364365245328,0.6454498172695795,0.78350322864545,0.6266646849270184,0.5053692995333446,0.6974009279338172,0.7387561427362304,0.7264319483973988,0.5699105148194606,0.6919264696536758,0.5419128820165712,0.593908789575922,0.5593157354767881,0.8348098580941038,0.7080651262026154,0.7865397825582479,0.7799645568538853,0.7528166285875909,0.4600231440434358,0.5809004389772384,0.975767690500041,0.8602576172430837,1.0,0.6908393144826787,0.7512320484161712,0.7889506750860664,0.7607391394706391,0.7326826107553569,0.7254312458355482,0.5828286504032719,0.6101876187993357,0.9056782038396425
